0 0.598611 0.525706 0.086111 0.142137
0 0.664583 0.800907 0.086111 0.228831
0 0.598264 0.468750 0.071528 0.108871
0 0.569444 0.332157 0.069444 0.148185
0 0.367361 0.854335 0.095833 0.194556
0 0.389583 0.759577 0.083333 0.136089
1 0.350347 0.407258 0.099306 0.155242
1 0.643750 0.393649 0.047222 0.156250
1 0.698264 0.903226 0.100694 0.193548
1 0.335069 0.668347 0.117361 0.139113
0 0.660417 0.538306 0.041667 0.118952
0 0.619792 0.361895 0.043750 0.088710
0 0.288542 0.876512 0.059028 0.138105
0 0.300347 0.781250 0.054861 0.096774
0 0.588542 0.803931 0.092361 0.071573