0 0.618061 0.877491 0.096169 0.053927
0 0.428460 0.881887 0.067240 0.045135
0 0.149335 0.820926 0.051603 0.032239
0 0.406177 0.947831 0.096169 0.045721
0 0.527365 0.944314 0.086787 0.039859
0 0.862002 0.886870 0.078968 0.056272
0 0.910086 0.821805 0.054730 0.025791
0 0.586787 0.775791 0.063331 0.034584
0 0.459343 0.746776 0.046130 0.026964
0 0.458170 0.786635 0.048475 0.022274
0 0.449570 0.814771 0.046912 0.029308
0 0.696247 0.684642 0.030493 0.024619
0 0.756450 0.694900 0.028929 0.025205
0 0.724394 0.661489 0.030493 0.021688
0 0.334636 0.680539 0.026583 0.019930
0 0.288898 0.688159 0.030493 0.018757
1 0.634480 0.945193 0.068022 0.045135
1 0.572713 0.736225 0.050821 0.021102
1 0.517983 0.737691 0.044566 0.024033
1 0.307271 0.741208 0.048475 0.031067
1 0.810790 0.817116 0.057858 0.033998