1 0.689236 0.520833 0.031250 0.070833
1 0.645139 0.564063 0.040278 0.063542
1 0.349306 0.592187 0.044444 0.061458
1 0.316667 0.572396 0.033333 0.059375
1 0.246181 0.674479 0.043750 0.061458
1 0.196875 0.650521 0.049306 0.069792
1 0.084028 0.090104 0.029167 0.057292
1 0.400347 0.806250 0.065972 0.068750
1 0.540972 0.662500 0.034722 0.056250
1 0.868403 0.472396 0.020139 0.046875
1 0.853125 0.494792 0.027083 0.033333
1 0.630208 0.373958 0.028472 0.035417
1 0.522917 0.459375 0.034722 0.039583
1 0.447569 0.517708 0.040972 0.052083
1 0.485417 0.435417 0.020833 0.035417
1 0.556250 0.384896 0.018056 0.032292
0 0.667361 0.377604 0.019444 0.113542
0 0.582639 0.582812 0.030556 0.067708
0 0.461806 0.705208 0.038889 0.070833
0 0.554861 0.868750 0.058333 0.058333
0 0.746875 0.626563 0.031250 0.076042
0 0.784375 0.577604 0.029861 0.048958
0 0.689236 0.702604 0.022917 0.073958
1 0.289236 0.583333 0.031250 0.047917